comment,vote,groupvote,neg,Class
-0.021559089422225952, 0, 0.66666666666666674, 0, 1
-0.06738494336605072, 0, 0.0, 0, 1
0.011238738894462585, 0, 1.0, 0, 1
0.04376491904258728, 0, 0.47930974243111818, 0, 1
-0.035800762474536896, 0, 0.5, 0, 1
0.02315041422843933, 0, 1.0, 0, 1
-0.13046889007091522, 0, 0.33333333333333331, 0, 1
0.022253111004829407, 0, 0.0, 0, 1
-0.033264875411987305, 1.0, 0.38867504905630723, 0, 1
0.07874707132577896, 0, 0.66666666666666674, 0, 1
-0.03728106617927551, 0, 0.22360679774997894, 0, 1
0.0040896013379096985, 0, 0.0, 0, 1
0.022592514753341675, 0, 0.27980695693975344, 0, 1
-0.1002391055226326, 0, 0.33333333333333331, 0, 1
0.05066081881523132, 0, -0.5, 0, 1
-0.0012312829494476318, 0, -0.029192742232968638, 0, 1
0.0036526285111904144, 0, 0.0, 0, 1
-0.01276542991399765, 0, 0.27639320225002101, 0, 1
0.052057623863220215, 0, 0.42578336603753808, 0, 1
0.06155508756637573, 0, 0.14230693188497423, 0, 1
0.035850659012794495, 0, 0.22360679774997894, 0, 1
0.17861628904938698, 0, 1.0, 0, 1
0.07317592203617096, 0, 0.36380343755449951, 0, 1
0.06492066383361816, 0, -0.17117891462222123, 0, 1
0.0, 0, 1.0, 0, 1
-0.04082006216049194, 0, 0.0, 0, 1
0.09175246953964233, 0, 0.33333333333333331, 0, 1
-0.04879848659038544, 0, 0.0, 0, 1
0.044849783182144165, 0, -0.66666666666666674, 0, 1
0.028791606426239014, 0, 1.0, 0, 1
-0.024191543459892273, 0, -0.22360679774997894, 0, 1
0.14080127142369747, 0, 0.72760687510899891, 0, 1
-0.045783475041389465, 0, 0.4864632561333363, 0, 1
0.0, 0, 1.0, 0, 1
-0.18357311189174652, 0, 0, 0, 1
0.0885382741689682, 0, 1.0, 0, 1
-0.17284305021166801, 0, 0, 0, 1
0.030871069058775902, 0, -1.0, 0, 1
0.17213594913482666, 0, 1.0, 0, 1
-0.16863669455051422, 0, -0.44721359549995798, 0, 1
0.007654309272766113, 0, 0.37973652911558231, 0, 1
0.0, 0, 0.72760687510899891, 0, 1
0.006746247410774231, 0, 0.0, 0, 1
-0.003097131848335266, 0, 0.1819017187772497, 0, 1
-0.05999647080898285, 0, 0.0, 0, 1
0.0755896121263504, 0, 0.09079770829700029, 0, 1
0.01607614755630493, 0, 0.72760687510899891, 0, 1
-0.07605978101491928, 0, -0.16269784336399218, 0, 1
0.0, 0, 0.4864632561333363, 0, 1
0.010905802249908447, 1.0, -0.64972212273631491, 0, 1
0.0047116875648498535, 1.0, 0.32303662902228403, 0, 1
0.02480974793434143, 0, -0.64972212273631491, 0, 1
-0.004573553800582886, 0, 0.3131938695133818, 0, 1
0.004313349723815918, 0, 0.4864632561333363, 0, 1
0.04303789138793945, 0, 0.21608457044115426, 0, 1
0.0, 0, 0, 0, 1
0.0, 0, 1.0, 0, 1
0.0, 0, 0, 0, 1
0.0, 0, -1.0, 0, 1
0.0, 0, 1.0, 0, 1
0.0, 0, -0.44721359549995798, 0, 1
0.0030933618545532227, 0, -1.0, 0, 1
0.10067638754844666, 0, 1.0, 0, 1
0.02993173897266388, 0, 0.44721359549995798, 0, 1
-0.15676254034042358, 0, 0, 0, 1
0.03739343583583832, 0, -1.0, 0, 1
-0.029778465628623962, 0, -1.0, 0, 1
-0.014014095067977905, 0, -0.61180339887498947, 0, 1
-0.021141231060028076, 0, 1.0, 0, 1
0.033948495984077454, 0, 0.27639320225002101, 0, 1
-0.02134840562939644, 0, 0, 0, 1
0.006800882518291473, 0, -1.0, 0, 1
0.036712273955345154, 1.0, 0.44721359549995798, 0, 1
-0.13737812638282776, 0, 0, 0, 1
0.0032493621110916138, 0, -1.0, 0, 1
0.07602038979530334, 0, -1.0, 0, 1
-0.010879755020141602, 0, 0.0, 0, 1
-0.05121983587741852, 0, -0.44721359549995798, 0, 1
-0.05213668942451477, 0, 0, 0, 1
0.028087571263313293, 0, 0, 1, 1
0.00955219566822052, 0, 0, 1, 1
-0.07822543382644653, 0, 0.72760687510899891, 1, 1
-0.05137905478477478, 0, 0.46017899330842238, -1, 1
-0.07817342877388, 0, 0.77513189557599482, 1, 1
-0.07532855868339539, 0, -0.73008949665421108, 1, 1
0.035445600748062134, 0, 0.72760687510899891, -1, 1
-0.043340593576431274, 0, 0, 1, 1
0.07019755244255066, 0, -1.0, 1, 1
0.011737197637557983, 0, 1.0, -1, 1
0.0398634672164917, 0, 0.0, 1, 1
0.01839044690132141, 0, 1.0, 1, 1
0.16316120326519012, 0, 0, -1, 1
0.08643975853919983, 0, 0, 1, 1
0.010078370571136475, 0, 0, -1, 1
0.031382232904434204, 0, 0, 1, 1
-0.023097515106201172, 0, 0, 1, 1
0.01245570182800293, 0, 0, -1, 1
0.09127531945705414, 0, -0.18377223398316211, -1, 1
0.05536976456642151, 0, 0.22360679774997894, 1, 1
0.03624024987220764, 0, -0.81622776601683789, 1, 1
0.12291330099105835, 0, 1.0, -1, 1
0.04886960983276367, 0, 0.14142135623730956, -1, 1
0.022058486938476562, 0, 0.30000000000000004, -1, 1
0.16193430125713348, 0, 0.63245553203367577, 0, 1
5.0395727157592773e-05, 0, -0.42761423749153976, 1, 1
-0.024611860513687134, 0, 0.44721359549995798, -1, 1
0.028681427240371704, 0, -0.63245553203367577, -1, 1
0.11853992938995361, 1.0, 0.81622776601683789, 0, 1
-0.05322656035423279, 0, -1.0, 0, 1
-0.01936480402946472, 1.0, -0.45584815598877476, 0, 1
0.054318517446517944, 0, 1.0, 0, 1
0.08605757355690002, 0, -0.09262096826685895, 0, 1
0.07346829771995544, 0, -1.0, 0, 1
-0.023329168558120728, 0, -1.0, 0, 1
0.07392404973506927, 1.0, 0.81622776601683789, 0, 1
0.06407347321510315, 1.0, 0.75497035468911711, 0, 1
0.03557202219963074, 1.0, 0.53983456376681693, 0, 1
-0.013677626848220825, 0, 0.81622776601683789, 0, 1
-0.10788655281066895, 0, -1.0, 0, 1
0.19359663128852844, 1.0, 0.0, 0, 1
0.17174038290977478, 0, 1.0, 0, 1
0.0354766845703125, 0, -0.27639320225002101, 0, 1
0.02731502056121826, 0, -1.0, 0, 1
-0.11961537599563599, 0, -1.0, 0, 1
0.15801134705543518, 1.0, 1.0, 0, 1
0.007575720548629761, 1.0, 0.81622776601683789, 0, 1
0.03693890571594238, 1.0, 0.72360679774997894, 0, 1
0.0449792742729187, 0, 1.0, 0, 1
-0.027266621589660645, 0, 1.0, 0, 1
-0.20633670687675476, 0, -1.0, 0, 1
0.10937458276748657, 0, 0.27639320225002101, 0, 1
0.037357717752456665, 0, 1.0, 0, 1
0.13032016158103943, 0, 1.0, 0, 1
-0.03543093800544739, 0, -1.0, 0, 1
-0.017979711294174194, 0, 0.18377223398316211, 0, 1
-0.04815146327018738, 0, -0.44721359549995798, 0, 1
0.053700000047683716, 0, -1.0, 0, 1
0.17240223288536072, 0, -1.0, 0, 1
0.02509245276451111, 0, -0.72360679774997894, 0, 1
0.03634464740753174, 0, 0.5, 0, 1
-0.06655943393707275, 0, 1.0, 0, 1
0.10609376430511475, 1.0, 0.0, 0, 1
-0.03129115700721741, 1.0, -0.21081851067789192, 0, 1
0.0073881447315216064, 1.0, 0.18426213483334741, 0, 1
0.019825488328933716, 0, 0.0, 0, 1
0.0336662232875824, 0, 0.44721359549995798, 0, 1
-0.03844696283340454, 0, -1.0, 0, 1
-0.14392876625061035, 0, -1.0, 0, 1
0.054658323526382446, 0, 1.0, 0, 1
-0.02993723750114441, 0, 0.81622776601683789, 0, 1
-0.04187709093093872, 0, 0.44721359549995798, 0, 1
-0.002681940793991089, 0, 1.0, 0, 1
0.04412144422531128, 0, -0.44721359549995798, 0, 1
0.06030184030532837, 0, -0.44721359549995798, 0, 1
0.059060707688331604, 0, -0.27639320225002101, 0, 1
-0.004768431186676025, 0, -0.17928932188134522, 0, 1
-0.024374008178710938, 0, 0.066666666666666652, 0, 1
0.02791774272918701, 0, -0.51759546816668056, 0, 1
-0.04420250654220581, 0, 1.0, 0, 1
0.03620782494544983, 0, -1.0, 0, 1
-0.045166611671447754, 0, -0.63245553203367577, 0, 1
0.04137140512466431, 0, 0.27639320225002101, 0, 1
-0.013503849506378174, 0, -1.0, 0, 1
-0.04332974553108215, 0, -1.0, 0, 1
-0.018055051565170288, 0, -0.63245553203367577, 0, 1
-0.02499571442604065, 0, -0.44721359549995798, 0, 1
-0.01772451400756836, 0, -1.0, 0, 1
-0.013239651918411255, 1.0, 0.81622776601683789, 0, 1
0.014372199773788452, 1.0, 0.72360679774997894, 0, 1
0.02947726845741272, 0, 1.0, 0, 1
0.05724033713340759, 1.0, 0.094280904158206336, 0, 1
-0.009885996580123901, 0, 0.87748517734455866, 0, 1
-0.009124785661697388, -1.0, -0.13819660112501053, 0, 1
-0.11893028020858765, 0, -0.72360679774997894, 0, 1
0.15425530076026917, 0, 1.0, 0, 1
0.06514227390289307, 0, -0.68003120357133739, 0, 1
0.07645449042320251, 0, 0.5, 0, 1
0.028767704963684082, 0, 0.0, 0, 1
-0.07067263126373291, 0, -0.44721359549995798, 0, 1
0.018110647797584534, 0, 0, 0, 1
0.000858798623085022, 0, -1.0, 0, 1
0.015614628791809082, 0, 0.098425166655227825, 0, 1
-0.02913631498813629, 0, -1.0, 0, 1
0.17564809322357178, 0, 1.0, 0, 1
-0.044605404138565063, 0, -1.0, 0, 1
0.09968331456184387, 0, 1.0, 0, 1
-0.07725486159324646, 0, -1.0, 0, 1
-0.05510985851287842, 1.0, 0.47892560938082995, 0, 1
0.009589731693267822, 0, -0.5, 0, 1
-0.02957180142402649, 0, 0.5, 0, 1
0.0408211350440979, 0, 0.60000000000000009, 0, 1
-0.046418026089668274, 0, 1.0, 0, 1
0.015597090125083923, 0, 1.0, 0, 1
0.022466540336608887, 1.0, 0.51194940594118399, 0, 1
0.014437079429626465, 0, 0.72360679774997894, 0, 1
-0.06822142004966736, 0, -0.44721359549995798, 0, 1
0.06177273392677307, 0, 1.0, 0, 1
-0.05384829640388489, 0, -0.72360679774997894, 0, 1
0.03599800169467926, 0, -0.63245553203367577, 0, 1
0.015429913997650146, 0, 1.0, 0, 1
0.01054292917251587, 0, 0, 0, 1
-0.08984164893627167, 0, 0, 0, 1
0.03495272994041443, 0, 0, 0, 1
-0.04265350103378296, 0, -1.0, 0, 1
0.013639748096466064, 0, -0.02772434865007134, 0, 1
-0.0060683488845825195, 0, -1.0, 0, 1
0.12645183503627777, 0, 0, 0, 1
0.005617737770080566, 0, -1.0, 0, 1
0.05606977641582489, 0, 1.0, 0, 1
0.045634955167770386, 0, 0.12251482265544134, 0, 1
0.019269198179244995, 0, 0.0, 0, 1
-0.01681371033191681, 0, 0.32539568672798425, 0, 1
0.05350486934185028, 0, 0, 0, 1
-0.03625084459781647, 0, 0.63245553203367577, 0, 1
0.046628087759017944, 0, 0.10044864353527649, 0, 1
-0.0216236412525177, 0, 0.68003120357133739, 0, 1
0.08683504164218903, 0, -0.72760687510899891, 0, 1
0.04086785018444061, 0, 0.63245553203367577, 0, 1
-0.06734098494052887, 0, -0.68003120357133739, 0, 1
0.0915469229221344, 0, 0.0, 0, 1
-0.05150297284126282, 0, 0.0, 0, 1
0.010970264673233032, 0, 0, 0, 1
0.04431627690792084, 0, -1.0, 0, 1
0.022225797176361084, 0, 0.13982974894996225, 0, 1
-0.031735822558403015, 0, -0.5, 0, 1
0.02007336914539337, 0, 0.0, 0, 1
-0.04910905659198761, 0, -1.0, 0, 1
0.11735109984874725, 0, 0.5, 0, 1
0.11949369311332703, 0, 0, 0, 1
-0.01245582103729248, 0, 0.5, 0, 1
-0.04608917236328125, 0, 0, 0, 1
0.04022383689880371, 0, 0, 0, 1
-0.017835497856140137, 0, 0.31622776601683777, 0, 1
0.042370378971099854, 0, 0.0, 0, 1
-0.04164811968803406, 0, 0.0, 0, 1
0.042852580547332764, 0, 0, 0, 1
0.03615644574165344, 0, 0.0, 0, 1
-0.07045033574104309, 0, 0, 0, 1
0.06164182722568512, 0, 0, 0, 1
-0.013548284769058228, 0, 0.26601134052792452, 0, 1
0.056145161390304565, 0, 0.44721359549995798, 0, 1
-0.11523377895355225, 0, -0.44721359549995798, 0, 1
0.1913139522075653, 0, 0, 0, 1
-0.08389471471309662, 0, -0.44721359549995798, 0, 1
-0.2147255837917328, 0, 0, 0, 1
0.06372684240341187, 0, 1.0, 0, 1
-0.14858216047286987, 0, 0, 0, 1
0.18203109502792358, 0, 0, 0, 1
-0.23801058530807495, 0, 0, 0, 1
-0.01054452359676361, 0, 0, 0, 1
-0.04765400290489197, 0, 0.02772434865007134, 0, 1
0.28139355778694153, 0, 1.0, 0, 1
-0.27194370329380035, 0, 0, 0, 1
0.36313802003860474, 0, 1.0, 0, 1
0.02757398784160614, 0, -1.0, 0, 1
-0.05872464179992676, 0, -0.098425166655227825, 0, 1
0.09587106108665466, 0, 0.22457468196052699, 0, 1
-0.08749717473983765, 0, 0.02772434865007134, 0, 1
0.027196824550628662, 0, 0.098425166655227825, 0, 1
-0.2661042809486389, 0, -1.0, 0, 1
0.32419532537460327, 0, 1.0, 0, 1
-0.023598462343215942, 0, -1.0, 0, 1
-0.3626280128955841, 0, 0, 0, 1
0.05841347575187683, 0, 1.0, 0, 1
-0.09963220357894897, 0, -1.0, 0, 1
0.16392457485198975, 0, 0, 0, 1
0.1429816484451294, 0, 0.55708601453115569, 0, 1
-0.22910675406455994, 0, 0.0, -1, 1
0.212050199508667, 0, 1.0, -1, 1
0.132321298122406, 0, 0.1561737618886061, -1, 1
0.032251209020614624, 0, 0.0, -1, 1
0.0040549635887146, 0, 0.0, -1, 1
0.09268826246261597, 0, -0.22145699273442215, -1, 1
0.04803711175918579, 0, 0.32204411655800846, -1, 1
0.03412386775016785, 0, 0.5, -1, 1
-0.030034273862838745, 0, 0.0, 1, 1
-0.051183879375457764, 0, 0.0, 1, 1
-0.0711050033569336, 0, 0.0, 1, 1
0.04354280233383179, 0, -0.20045612632127485, 1, 1
0.0012086331844329834, 0, -0.5, 1, 1
0.08818155527114868, 0, 0.27854300726557779, 1, 1
-0.05577385425567627, 0, -0.28284271247461912, 0, 1
-0.009152978658676147, 0, 0.0, 0, 1
0.009923845529556274, 0, -0.20000000000000007, 0, 1
-0.23863884806632996, 0, 0.12403473458920844, 0, 1
-0.07181578874588013, 0, 0.32539568672798425, 0, 1
-0.056311026215553284, 0, -0.20000000000000007, 0, 1
0.02124658226966858, 0, 0.32066768389743283, 0, 1
0.13858889043331146, 0, 0.44721359549995798, 0, 1
-0.04233470559120178, 0, 0.19229188987598733, 0, 1
0.057398706674575806, 0, 0.44721359549995798, 0, 1
-0.07543794810771942, 0, 0.0, 0, 1
0.012002341449260712, 0, 0.20000000000000007, 0, 1
-0.020226363092660904, 0, -0.44721359549995798, 0, 1
-0.07579195499420166, 0, 0.20000000000000007, 0, 1
-0.04779236763715744, 0, -0.44721359549995798, 0, 1
0.009613603353500366, 0, 0.44721359549995798, 0, 1
-0.021672576665878296, 0, 0.44721359549995798, 0, 1
0.01165837049484253, 0, 0.0, 0, 1
0.12495787441730499, 0, 0.35082320772281173, 0, 1
0.03476187586784363, 0, 0.44721359549995798, 0, 1
-0.004938900470733643, 0, 0.0, 0, 1
-0.0021448060870170593, 0, 0, 0, 1
0.038374707102775574, 0, 0.44721359549995798, 0, 1
-0.03052467107772827, 0, 0.0, 0, 1
-0.014951124787330627, 0, 0.14142135623730956, 0, 1
0.1094125509262085, 0, -0.087705801930702876, 0, 1
0.03259751945734024, 0, 0.26991050334578887, 0, 1
-0.006633281707763672, 0, 0.28284271247461912, 0, 1
0.021662771701812744, 1.0, 0.20737527727097038, 0, 1
-0.06009519100189209, 0, 0.18377223398316211, 0, 1
0.01788383722305298, 0, -0.013086111220631524, 0, 1
-0.08837679028511047, 0, 0.18377223398316211, 0, 1
-0.04538658261299133, 0, 0.49999999999999994, 0, 1
-0.024312496185302734, 0, -0.28284271247461912, 0, 1
0.11165589839220047, 0, 0.63245553203367577, 0, 1
0.02933812141418457, 0, 0.17480640977952833, 0, 1
-0.05257263779640198, 0, 0.81622776601683789, 0, 1
0.06766656041145325, 0, -0.63245553203367577, 0, 1
-0.15743281692266464, 0, -0.63245553203367577, 0, 1
0.040323734283447266, 0, 0.0, 0, 1
0.05474705994129181, 0, 0.11573396837608252, 0, 1
-0.07901361584663391, 0, -0.63245553203367577, 0, 1
-0.0020979344844818115, 0, 0.0, 0, 1
-0.013829812407493591, 0, 1.0, 0, 1
0.011632591485977173, 0, -0.63245553203367577, 0, 1
0.10233646631240845, 0, 0.0, 0, 1
0.11384983360767365, 0, 0.0, 0, 1
0.15416110306978226, 0, 0.0, 0, 1
0.24377168715000153, 0, 0.0, 0, 1
0.24411621689796448, 0, 0.0, 0, 1
0.26154598593711853, 0, 0.0, 0, 1
0.2089853584766388, 0, 0.0, 0, 1
0.39124181866645813, 0, 0.0, 0, 1
0.16228047013282776, 0, 0.0, 0, 1
0.05342535674571991, 0, 0.0, 0, 1
-0.2577548325061798, 0, 0.0, 0, 1
0.09545707702636719, 0, 0.0, 0, 1
0.18222370743751526, 0, 0.0, 0, 1
0.2211942821741104, 0, 0.0, 0, 1
0.42499852180480957, 0, 0.0, 0, 1
0.18940681219100952, 0, 0.0, 0, 1
0.18100272119045258, 0, 0.0, 0, 1
0.29488345980644226, 0, 0.0, 0, 1
0.01316910982131958, 0, 0.0, 0, 1
0.009163342416286469, 0, 0, 0, 1
-0.11515364050865173, 0, 0.0, 0, 1
0.052918195724487305, 0, 0.29198842180359719, 0, 1
0.02455715835094452, 0, 0.22486810442400529, 0, 1
0.12145939469337463, 0, 0.20000000000000007, 0, 1
-0.026698261499404907, 0, -0.10688922796581091, 0, 1
0.0149918794631958, 0, -0.22360679774997894, 0, 1
0.05149573087692261, 1.0, 0.17843832841100393, 0, 1
0.14729192852973938, 0, -0.22360679774997894, 0, 1
0.12516653537750244, 0, 0.0, 0, 1
-0.07692773640155792, 0, -0.20000000000000007, 0, 1
-0.04767636954784393, 0, 0.44721359549995798, 0, 1
-0.0034093856811523438, 0, 0.26666666666666661, 0, 1
-0.019335076212882996, 0, 0.22360679774997894, 0, 1
0.12499839067459106, 0, -0.72360679774997894, 0, 1
0.1855180263519287, 0, -0.44721359549995798, 0, 1
0.09426736831665039, 0, 0.5, 0, 1
-0.024523407220840454, 0, -0.17541160386140575, 0, 1
0.029833495616912842, 0, 0.27639320225002101, 0, 1
-0.004097491502761841, 0, 0.0, 0, 1
-0.1045069620013237, 0, 0.0, 0, 1
-0.04953485727310181, 0, -0.44721359549995798, 0, 1
0.08209767937660217, 0, 0.40060061273296471, 0, 1
0.044818371534347534, 0, 0.43798263270539584, 0, 1
0.17984265089035034, 0, 0.29971741382944284, 0, 1
0.03415101766586304, 0, 0.13867504905630723, 0, 1
0.18520814180374146, 1.0, 0.47447687378852105, 0, 1
0.056976318359375, 0, 0.13867504905630723, 0, 1
0.0887850672006607, 0, 0.33333333333333337, 0, 1
0.0705457329750061, 0, 0.12403473458920844, 0, 1
0.04283766448497772, 0, -0.27735009811261457, 0, 1
0.0883294939994812, 0, 0.26187472168152759, 0, 1
0.0018319487571716309, 0, -0.13867504905630723, 0, 1
0.190049946308136, 0, -0.36132495094369271, 0, 1
0.0475689172744751, 0, 0.27735009811261457, 0, 1
0.1639200747013092, 0, 0.48240453183331916, 0, 1
0.05545446276664734, 1.0, 0.10878565864408429, 0, 1
0.026539236307144165, 0, 0.63867504905630723, 0, 1
-0.05471557378768921, 0, -0.33333333333333337, 0, 1
0.18358635902404785, 0, 0.0, 0, 1
-0.018473029136657715, 0, 0.27735009811261457, 0, 1
0.00734025239944458, 0, -0.32539568672798425, 0, 1
0.11076073348522186, 0, 0.46332084939694856, 0, 1
0.12055790424346924, 0, 0.8638034375544994, 0, 1
0.07476601004600525, 0, 0.42874373635226831, 0, 1
0.0656348466873169, 0, 0.8638034375544994, 0, 1
0.15023671835660934, 0, 0.5, 0, 1
0.11189892143011093, 0, 0.32539568672798425, 0, 1
0.09952516853809357, 0, -0.72760687510899891, 0, 1
0.04752308130264282, 0, 0.65261707292055338, 0, 1
-0.01626184582710266, 0, 0.1361965624455006, 0, 1
0.023127123713493347, 0, -0.1361965624455006, 0, 1
0.08165998756885529, 0, 0.72760687510899891, 0, 1
-0.0319327712059021, 0, 0.5, 0, 1
0.055977046489715576, 0, 0.64919433404719595, 0, 1
0.06606005132198334, 0, 0.8638034375544994, 0, 1
0.0023192912340164185, 0, 0.0, 0, 1
0.012001998722553253, 0, 1.0, 0, 1
-0.1530512273311615, 0, 0.72760687510899891, 0, 1
0.09973177313804626, 0, 0.33966615805128364, 0, 1
0.03609651327133179, 0, -0.44721359549995798, 0, 1
0.2395276129245758, 0, 0.40385405506200639, 0, 1
0.1387895941734314, 0, -0.44721359549995798, 0, 1
0.1801755428314209, 0, 0.0, 0, 1
0.04937148094177246, 0, -0.20000000000000007, 0, 1
-0.13424230366945267, 0, 0.44721359549995798, 0, 1
0.043950825929641724, 0, 0.39999999999999991, 0, 1
0.21718323975801468, 0, 0.44721359549995798, 0, 1
-0.0061998069286346436, 0, -0.44721359549995798, 0, 1
0.22998112440109253, 0, -0.44721359549995798, 0, 1
0.11498627066612244, 0, 0.22360679774997905, 0, 1
-0.0203244686126709, 0, -0.35082320772281173, 0, 1
0.08044639229774475, 0, -0.44721359549995798, 0, 1
-0.0441148579120636, 0, 0.0, 0, 1
-0.166909322142601, 0, 0, 0, 1
-0.16191041469573975, 0, -0.44721359549995798, 0, 1
0.15240943431854248, 0, 0.79263894075326702, 0, 1
0.210457444190979, 0, 0.38042418095849939, 0, 1
0.12217426300048828, 0, 0.79263894075326702, 0, 1
0.11324340105056763, 0, 0.43412157106222965, 0, 1
0.09077870845794678, 1.0, 0.32066768389743283, 0, 1
-0.021371260285377502, 0, -0.71703473938207474, 0, 1
0.08596575260162354, 0, 0.46744821557108707, 0, 1
0.03157855570316315, 0, 0.07560420137119217, 0, 1
0.17315199971199036, 1.0, 0.35851736969103731, 0, 1
0.15946689248085022, 0, 0.71703473938207474, 0, 1
0.08574497699737549, 1.0, 0.14907119849998596, 0, 1
0.1783783733844757, 0, 0.59711400343285315, 0, 1
0.09651848673820496, 0, 0.35851736969103731, 0, 1
-0.09915420413017273, 0, 0.0, 0, 1
0.13587532937526703, 0, 0.86824314212445919, 0, 1
-0.010639011859893799, 0, 0.71703473938207474, 0, 1
0.08890485763549805, 0, 0.3378736567201619, 0, 1
0.42753465473651886, 0, 1.0, 0, 1
0.019840359687805176, 0, 0.5, 0, 1
0.14493300020694733, 0, 0.44721359549995798, 0, 1
-0.15721876919269562, 0, -1.0, 0, 1
0.0382135808467865, 0, 0.53983456376681693, 0, 1
-0.044562339782714844, 0, 0.0, 0, 1
0.07697349786758423, 0, 1.0, 0, 1
0.3675813525915146, 0, 1.0, 0, 1
0.05316513776779175, 0, 0.0, 0, 1
0.2645622789859772, 0, 0.7560357078308676, 0, 1
0.4016161262989044, 0, 1.0, 0, 1
0.023894816637039185, 0, 0.0, 0, 1
0.11965107172727585, 0, 1.0, 0, 1
0.00028865039348602295, 0, 1.0, 0, 1
0.17026874423027039, 0, 0.3378736567201619, 0, 1
0.163274884223938, 0, 0.41525652538523738, 0, 1
0.10599178075790405, 0, 0.19229188987598733, 0, 1
-0.05917276442050934, 0, -0.42997773728461153, 0, 1
0.077212393283844, 0, 0.42042511475503264, 0, 1
0.1328984498977661, 1.0, -0.092104080564449631, 0, 1
0.06036993861198425, 0, -0.14881456891219358, 0, 1
0.26057276129722595, 0, 0.42997773728461153, 0, 1
0.14751183986663818, 0, 0.39160682353631893, 0, 1
0.05555164813995361, 1.0, 0.25806296071519919, 0, 1
0.07074803113937378, 0, 0.57879230619680522, 0, 1
-0.09704774618148804, 0, -0.33333333333333326, 0, 1
0.0009483397006988525, 0, 0.24576957615571227, 0, 1
-0.08451774716377258, 0, 0.42997773728461153, 0, 1
-0.012767359614372253, 0, 0.5, 0, 1
0.12916526198387146, 0, 0.44721359549995798, 0, 1
-0.3292883336544037, 0, -1.0, 0, 1
-0.024295568466186523, 0, 0.53983456376681693, 0, 1
0.18117912113666534, 0, 0.0, 0, 1
0.022656261920928955, 0, 1.0, 0, 1
0.6021585911512375, 0, 1.0, 0, 1
0.25327664613723755, 0, 0.0, 0, 1
0.4480360299348831, 0, 0.7560357078308676, 0, 1
0.5676805078983307, 0, 1.0, 0, 1
0.1448255181312561, 0, 0.0, 0, 1
-0.029295578598976135, 0, 1.0, 0, 1
0.01596754789352417, 0, 1.0, 0, 1
0.009477987885475159, 0, 0.0, 0, 1
-0.12549344450235367, 0, 0.0, 0, 1
0.19115950167179108, 0, 0.35988970917787788, 0, 1
0.05687658488750458, 0, 0.5, 0, 1
0.09527993202209473, 0, 0.0, 0, 1
0.2675890177488327, 0, 0.0, 0, 1
0.06442283093929291, 0, 0.0, 0, 1
0.04160764068365097, 0, 0.3638034375544994, 0, 1
0.0005756020545959473, 0, 0.0, 0, 1
-0.007108181715011597, 0, -0.33333333333333326, 0, 1
0.04679708182811737, 0, 1.0, 0, 1
-0.04340334236621857, 0, 0.0, 0, 1
0.03358518332242966, 0, -0.44721359549995798, 0, 1
-0.01399141550064087, 0, 0.20000000000000007, 0, 1
-0.033622488379478455, 0, -0.44721359549995798, 0, 1
-0.13685856759548187, 0, 0.44721359549995798, 0, 1
0.06661324203014374, 0, 0.44721359549995798, 0, 1
0.09134165942668915, 0, 0.0, 0, 1
0.09483426809310913, 0, 0.35082320772281173, 0, 1
0.12408971786499023, 0, 0.44721359549995798, 0, 1
-0.07040207087993622, 0, 0.0, 0, 1
-0.024538397789001465, 0, 0, 0, 1
-0.10907338559627533, 0, 0.44721359549995798, 0, 1
-0.10308422148227692, 0, -0.44721359549995798, 0, 1
-0.14330853521823883, 0, 1.0, 0, 1
0.00931231677532196, 0, -1.0, 0, 1
-0.5877597406506538, 0, -1.0, 0, 1
-0.0864623486995697, 0, 0.0, 0, 1
-0.10912668704986572, 0, -0.78446454055273618, 0, 1
-0.21591758728027344, 0, -1.0, 0, 1
-0.08889807015657425, 0, 0.0, 0, 1
-0.06705697625875473, 0, 0, 0, 1
-0.0010045117232948542, 0, -1.0, 0, 1
0.10686609148979187, 0, 0.09262096826685895, 0, 1
0.11911505460739136, 0, -0.27639320225002101, 0, 1
0.21962863206863403, 0, 0.44721359549995798, 0, 1
0.06677386164665222, 0, 0.48240453183331938, 0, 1
0.1316658854484558, 0, 0.40550110051561705, 0, 1
0.020647168159484863, 0, 0.72360679774997894, 0, 1
0.0747063159942627, 0, -0.14907119849998607, 0, 1
0.0708707869052887, 0, 0.63245553203367577, 0, 1
0.09434428811073303, 0, 0.44721359549995798, 0, 1
0.00438130646944046, 0, -1.0, 0, 1
0.3040587306022644, 0, -1.0, 0, 1
0.0518169105052948, 0, 0.0, 0, 1
0.12490318715572357, 0, -0.02842883272186858, 0, 1
0.012328803539276123, 0, -1.0, 0, 1
0.013504818081855774, 0, 0.0, 0, 1
-0.04196355864405632, 0, 1.0, 0, 1
0.018488578498363495, 0, -1.0, 0, 1
-0.018355250358581543, 0, 1.0, 0, 1
-0.02790224552154541, 0, -0.5, 0, 1
0.13477277755737305, 0, 0.78446454055273618, 0, 1
0.017772942781448364, 0, 0.0, 0, 1
-0.04220372438430786, 0, 0.0, 0, 1
0.21738842129707336, 0, 0, 0, 1
0.1278683990240097, 0, 1.0, 0, 1
0.17317727208137512, 0, 0.0, 0, 1
0.1982758492231369, 0, 0.78446454055273618, 0, 1
0.36727283895015717, 0, 1.0, 0, 1
0.08955098688602448, 0, 0.0, 0, 1
0.05754692852497101, 0, 0, 0, 1
-0.057699646800756454, 0, 1.0, 0, 1
0.08820760250091553, 0, 0.0, 0, 1
0.14078643918037415, 0, 0.5, 0, 1
-0.010022461414337158, 0, 0.0, 0, 1
0.024837151169776917, 0, 0, 0, 1
-0.0534188449382782, 0, 0.0, 0, 1
0.2934355139732361, 0, 0.78446454055273618, 0, 1
0.12760353088378906, 0, 0.0, 0, 1
0.028725050389766693, 0, 0.72760687510899891, 0, 1
0.15232206881046295, 0, 0.78446454055273618, 0, 1
0.07189950346946716, 0, 0.0, 0, 1
0.04791843146085739, 0, 0, 0, 1
-0.009264811873435974, 0, 1.0, 0, 1
-0.03040832281112671, 0, 0.0, 0, 1
0.07743999361991882, 0, 0.0, 0, 1
0.22345024347305298, 0, 0, 0, 1
-0.14844707399606705, 0, 0.0, 0, 1
-0.028491027653217316, 0, 0.5, 0, 1
0.1218317449092865, 0, 0.0, 0, 1
0.01914896070957184, 0, 0.0, 0, 1
0.0218203067779541, 0, 0.0, 0, 1
0.07477723062038422, 0, 0.0, 0, 1
0.13161557912826538, 0, 0.0, 0, 1
-0.09532975219190121, 0, 0.0, 0, 1
0.03579619526863098, 0, -0.087692646385104989, 0, 1
0.03875231742858887, 0, 0, 0, 1
-0.221533864736557, 0, 0.0, 0, 1
0.029049471020698547, 0, 0.66666666666666674, 0, 1
-0.04070886969566345, 0, 0.0, 0, 1
0.0035107433795928955, 0, 1.0, 0, 1
-0.024558208882808685, 0, 0.0, 0, 1
-0.04196059703826904, 0, -0.71081266754522932, 0, 1
0.022430196404457092, 0, -0.27735009811261457, 0, 1
-0.012975558638572693, 0, 1.0, 0, 1
-0.03811699151992798, 0, -0.31799936400190798, 0, 1
-0.17653845995664597, 0, -1.0, 0, 1
0.0643502026796341, 0, 1.0, 0, 1
0.04661528766155243, 0, -0.34865189116880091, 0, 1
-0.017091013491153717, 0, 0, 0, 1
0.13698428869247437, 0, 1.0, 0, 1
0.08741886168718338, 0, 0.0, 0, 1
0.14789055660367012, 0, 1.0, 0, 1
-0.25416282936930656, 0, 0, 0, 1
0.030222713947296143, 0, 0.5, 0, 1
0.01061461865901947, 0, 0.5, 0, 1
-0.005135618150234222, 0, 0.0, 0, 1
-0.03416556119918823, 0, 0.0, 0, 1
-0.0013996213674545288, 0, 0.0, 0, 1
0.001695144921541214, 0, 0.0, 0, 1
0.025463879108428955, 0, 0.4791466679778667, 0, 1
-0.02853541076183319, 0, 1.0, 0, 1
-0.01830536127090454, 0, 0.0, 0, 1
-0.06328083574771881, 0, 0.5, 0, 1
-0.028063181787729263, 0, 0.0, 0, 1
0.053481802344322205, 0, 1.0, 0, 1
0.062115609645843506, 0, 0.19714396308335858, 0, 1
0.001579567790031433, 0, -0.71081266754522932, 0, 1
0.1238972544670105, 0, 0.14731870513044321, 0, 1
0.10705631971359253, 0, 0.71081266754522932, 0, 1
0.03124639391899109, 0, -0.71081266754522932, 0, 1
0.11216616630554199, 0, 0.48230204544963107, 0, 1
0.027592673897743225, 0, 0, 0, 1
-0.03263470530509949, 1.0, -0.71081266754522932, 0, 1
0.030593067407608032, 0, 0.0, 0, 1
-0.0609186515212059, 0, -0.71081266754522932, 0, 1
0.06198938190937042, 0, 1.0, 0, 1
-0.014317087829113007, 0, -0.27735009811261457, 0, 1
0.06631399691104889, 0, 0.088197154805678246, 0, 1
0.03086329996585846, 0, 0.27735009811261457, 0, 1
0.003939783200621605, 0, -0.27735009811261457, 0, 1
0.10321858525276184, 0, 0.30056103604091333, 0, 1
0.0964507982134819, 0, 1.0, 0, 1
-0.04860047996044159, 0, -0.27735009811261457, 0, 1
0.036981403827667236, 0, 0.0, 0, 1
0.006752956658601761, 0, -0.27735009811261457, 0, 1
-0.02021285891532898, 0, 0, 0, 1
0.04268965125083923, 0, -0.31799936400190798, 0, 1
-0.3346203863620758, 0, -1.0, 0, 1
0.016424980014562607, 0, 1.0, 0, 1
-0.0015383213758468628, 0, -0.34865189116880091, 0, 1
-0.04929997771978378, 0, 0, 0, 1
0.05756843090057373, 0, 1.0, 0, 1
0.05997379124164581, 0, 0.0, 0, 1
0.08312713727355003, 0, 1.0, 0, 1
-0.0067041367292404175, 0, 0, 0, 1
0.016483575105667114, 0, 0.31799936400190798, 0, 1
0.041590189561247826, 0, -0.31799936400190798, 0, 1
0.12371832132339478, 0, 0.10015689937486627, 0, 1
0.07329044491052628, 0, 0, 0, 1
-0.078317791223526, 0, -0.31799936400190798, 0, 1
0.07620072364807129, 0, 0.0, 0, 1
-0.06939403712749481, 0, -0.31799936400190798, 0, 1
0.03485107421875, 0, 0, 0, 1
-0.015045564621686935, 0, 0.0, 0, 1
0.0917271077632904, 0, 0.6743259455844004, 0, 1
0.06624793261289597, 0, 1.0, 0, 1
-0.21509918570518494, 0, -1.0, 0, 1
-0.015589937567710876, 0, 0.5, 0, 1
-0.14832797646522522, 0, -1.0, 0, 1
0.16696077585220337, 0, 1.0, 0, 1
0.050481073558330536, 0, 0.32567405441559955, 0, 1
-0.03947435226291418, 0, 1.0, 0, 1
0.037465041503310204, 0, 1.0, 0, 1
0.05275751184672117, 0, 0.5, 0, 1
0.018580868374556303, 0, 1.0, 0, 1
-0.042834945023059845, 0, 1.0, 0, 1
0.10334451496601105, 0, 0.9024922359499622, 0, 1
-0.044578492641448975, 0, -0.34865189116880091, 0, 1
0.07714807987213135, 1.0, 0.14738441216893716, 0, 1
-0.03817842900753021, 0, -0.34865189116880091, 0, 1
0.045824140310287476, 0, 0.81622776601683789, 0, 1
-0.02995656430721283, 0, 0, 0, 1
-0.01093699038028717, 0, 1.0, 0, 1
-0.030034586787223816, 0, 0, 0, 1
0.01146509125828743, 0, 1.0, 0, 1
0.06194677948951721, 0, 0.0, 0, 1
0.23875850439071655, 0, 1.0, 0, 1
-0.3035986125469208, 0, 0, 0, 1
0.02938026189804077, 0, 0.0, 0, 1
-0.04447320103645325, 0, 1.0, 0, 1
-0.5459941774606705, 0, 0, 0, 1
-0.08989882469177246, 0, 1.0, 0, 1
0.15281683392822742, 0, 1.0, 0, 1
-0.03842607140541077, 0, 0.8638034375544994, -1, 1
0.18999361991882324, 0, 0, 1, 1
-0.009997144341468811, 0, 0.72760687510899891, -1, 1
0.09559409320354462, 0, -1.0, -1, 1
0.08939333260059357, 0, 1.0, 0, 1
0.11385288834571838, 0, 0, -1, 1
0.1673099845647812, 0, 1.0, -1, 1
-0.09460724890232086, 0, 0.0, -1, 1
0.1341402232646942, 0, 1.0, -1, 1
0.05259604752063751, 0, 1.0, -1, 1
0.18529444932937622, 0, 0.5, -1, 1
0.022959992289543152, 0, 1.0, -1, 1
-0.09509289264678955, 0, 0, 0, 1
-0.1701887547969818, 0, 0.0, 0, 1
-0.002271100878715515, 0, 0.0, 0, 1
-0.09510856866836548, 0, 0.0, 0, 1
0.1923656463623047, 0, 0, 0, 1
0.062429845333099365, 0, 0, 0, 1
0.17303189635276794, 0, 0, 0, 1
-0.008840352296829224, 0, 0.0, 0, 1
0.20285096764564514, 0, 1.0, 0, 1
0.02429407835006714, 0, 0.0, 0, 1
0.19124546647071838, 0, 0.37467824486306955, 0, 1
0.015327811241149902, 0, 0.44721359549995798, -1, 1
-0.16420045495033264, 0, -1.0, 1, 1
0.03094342350959778, 0, 0.52919027811362285, 1, 1
-0.0024981796741485596, 0, -0.44721359549995798, 1, 1
-0.0011751949787139893, 0, -0.44721359549995798, -1, 1
0.009267568588256836, 0, 0.23666108697881583, -1, 1
0.07656361162662506, 0, -0.20000000000000007, -1, 1
-0.04303795099258423, 0, -0.52919027811362285, 1, 1
-0.11764520406723022, 0, 0.44721359549995798, 1, 1
0.021837487816810608, 0, 0.3059335252225206, 1, 1
-0.026923134922981262, 0, -0.39909908090055313, 1, 1
0.12564733624458313, 0, 0.29387949849912443, 1, 1
0.03723098337650299, 1.0, -0.32474650656303761, 1, 1
0.02981323003768921, 0, -0.44721359549995798, 0, 1
-0.023467183113098145, 0, 0.85812217563139681, 0, 1
0.058669716119766235, 0, 0.0, 0, 1
0.05723893642425537, 0, -0.18614271578730546, 0, 1
-0.0857454389333725, 0, 0.44721359549995798, 0, 1
-0.03702950477600098, 0, -0.19999999999999996, 0, 1
-0.13849740475416183, 0, -1.0, 1, 1
-0.057608187198638916, 0, 0.5, 1, 1
0.15259575843811035, 0, -0.72360679774997894, 1, 1
0.15030957013368607, 0, -1.0, 1, 1
-0.013520829379558563, 0, -0.5, 1, 1
-0.11748386919498444, 0, 0.72360679774997894, 1, 1
-0.36995676159858704, 0, 1.0, 1, 1
-0.07644948363304138, 0, -0.22360679774997894, 1, 1
0.0949530303478241, 0, 0.0, 1, 1
0.15660607814788818, 0, 1.0, 1, 1
0.1435479074716568, 0, 0.0, 0, 1
0.15964537858963013, 0, 0.44721359549995798, 0, 1
0.19789543747901917, 0, 0.0, 0, 1
0.11298760771751404, 0, 0.0, 0, 1
-0.058281391859054565, 0, -0.1561737618886061, 0, 1
-0.002173513174057007, 0, 0.0, -1, 1
-0.19231076538562775, 0, 0.0, -1, 1
0.006610512733459473, 0, 0.0, 0, 1
-0.0010159015655517578, 0, -0.4030088179960214, 0, 1
0.03910350799560547, 0, 0.22360679774997905, 0, 1
0.21182695031166077, 0, 0.0, 0, 1
0.06683474779129028, 1.0, 1.0, 1, 1
0.09224244207143784, 0, 0, 0, 1
0.07326766848564148, 0, 0.0, 0, 1
0.02710936963558197, 0, 0.0, 0, 1
-0.11970782279968262, 0, 0.0, 0, 1
-0.02840009331703186, 0, 0.0, 0, 1
0.08648160099983215, 0, 0.0, 0, 1
-0.027192384004592896, 0, 1.0, 0, 1
0.023085489869117737, 0, 0, 0, 1
-0.05420713871717453, 0, 0, 0, 1
-0.03929942846298218, 0, 1.0, 0, 1
0.04445166885852814, 0, -0.44721359549995798, 0, 1
0.06680387258529663, 0, 0.054584425832132633, 0, 1
-0.13371583819389343, 0, 0.36132495094369271, 0, 1
0.026745498180389404, 0, 0.52746011395903447, 0, 1
0.057545244693756104, 1.0, 0.24171113066622973, 0, 1
0.026259630918502808, 0, -0.44721359549995798, 0, 1
0.03764098882675171, 0, -0.071370083284306496, 0, 1
0.10660147666931152, 0, -0.032160313162370446, 0, 1
0.10812196135520935, 0, -0.12803687993289592, 0, 1
-0.054250508546829224, 0, 0.51413930804485153, 0, 1
-0.026778221130371094, 0, 0.15019825507753304, 0, 1
0.05660688877105713, 0, 0.72360679774997894, 0, 1
-0.11748144030570984, 0, 0.72760687510899891, 0, 1
-0.4588804244995117, 0, -1.0, 0, 1
0.2545417547225952, 0, 1.0, 0, 1
0.07604214549064636, 0, 1.0, 0, 1
0.05148440599441528, 0, -0.72760687510899891, 0, 1
-0.0023595094680786133, 0, 0.72760687510899891, 0, 1
-0.05077961087226868, 0, 0.72760687510899891, 0, 1
-0.09522858262062073, 0, -1.0, 0, 1
-0.024869084358215332, 0, -1.0, 0, 1
-0.028086155652999878, 0, 1.0, 0, 1
0.23076429963111877, 1.0, 0.9170700562532349, 0, 1
0.06814819574356079, 0, 0.63245553203367577, 1, 1
0.11265537142753601, 0, 0, 1, 1
0.31336745619773865, 0, 1.0, 1, 1
0.03752204030752182, 0, 0.0, 1, 1
0.0665479451417923, 0, 0.0, 1, 1
-0.017592977732419968, 0, 0.0, 1, 1
-0.01968415454030037, 0, 0.0, 1, 1
0.022019773721694946, 0, -1.0, 1, 1
0.015646718442440033, 0, 0.0, 1, 1
-0.027377169579267502, 0, -0.44721359549995798, 1, 1
0.03094964474439621, 0, -0.22360679774997894, 1, 1
-0.012058168649673462, 0, 0.72360679774997894, 1, 1
0.02167290449142456, 0, 0.0, 1, 1
0.06042841076850891, 1.0, 1.0, 0, 1
0.013065338134765625, 0, 0, 0, 1
-0.26776135712862015, 0, -1.0, 0, 1
-0.0393696129322052, 0, -1.0, 0, 1
-0.15255588293075562, 0, 0, 0, 1
0.08413800597190857, 0, -1.0, 0, 1
0.0354745090007782, 0, 0.0, 0, 1
0.027074217796325684, 0, -1.0, 0, 1
0.017919719219207764, 0, -0.44721359549995798, 0, 1
0.028645634651184082, 0, 0.22360679774997894, 0, 1
0.14812734723091125, 0, 0, 0, 1
-0.24768918752670288, 0, 0, 0, 1
0.3389788269996643, 0, 0, 0, 1
0.25492042303085327, 0, 1.0, 0, 1
-0.16429896652698517, 0, 0, 0, 1
-0.0907650887966156, 0, 0, 0, 1
-0.1622381955385208, 0, -1.0, 0, 1
-0.05525307357311249, 0, -1.0, 0, 1
-0.06546676158905029, 0, 0, 0, 1
-0.2849567383527756, 0, -1.0, 0, 1
-0.09599184989929199, 0, -1.0, 0, 1
-0.23371803760528564, 0, 1.0, 0, 1
-0.1575847864151001, 0, 0, 0, 1
0.2955925464630127, 0, 1.0, 0, 1
0.21690556406974792, 1.0, 1.0, 0, 1
0.2760000675916672, 0, 0, 0, 1
-0.13488776981830597, 0, 1.0, 0, 1
0.040902212262153625, 0, 1.0, 0, 1
-0.09799402952194214, 0, 0, 0, 1
-0.07172748446464539, 0, 0, 0, 1
0.20675547420978546, 0, 1.0, 0, 1
0.06909999251365662, 0, 0.20000000000000007, 0, 1
-0.03412419557571411, 0, -0.20000000000000007, 0, 1
0.024142205715179443, 0, -0.44721359549995798, 0, 1
-0.001635134220123291, 0, -0.44721359549995798, 0, 1
0.03596249222755432, 0, 0.038675049056307254, 0, 1
0.20098096132278442, 0, -0.44721359549995798, 0, 1
0.01663370430469513, 0, -0.44721359549995798, 0, 1
0.06434521079063416, 0, 0.44721359549995798, 0, 1
0.03860481083393097, 0, 0.44721359549995798, 0, 1
0.1288512647151947, 0, 1.0, 0, 1
-0.13111139833927155, 0, 0, 0, 1
-0.03177750110626221, 0, 1.0, 0, 1
0.1635783612728119, 0, 0, 0, 1
0.12275581061840057, 0, -0.1561737618886061, 0, 1
-0.03557473421096802, 0, 0.1561737618886061, 0, 1
0.0913548469543457, 0, 0.0, 0, 1
0.1072741448879242, 0, 0.25383654128340472, 0, 1
0.02214992046356201, 0, 0.0, 0, 1
0.05895838141441345, 0, 0.0, 0, 1
0.005961060523986816, 0, 0.0, 0, 1
-0.10401925444602966, 0, -1.0, -1, 0
-0.0493679940700531, 0, -1.0, -1, 0
-0.14688760787248611, 0, -1.0, -1, 0
-0.18691007792949677, 0, -1.0, -1, 0
-0.12535803020000458, 0, -0.72760687510899891, -1, 0
-0.019358903169631958, 0, -0.72760687510899891, -1, 0
-0.01294773817062378, -1.0, -0.4864632561333363, -1, 0
0.005063772201538086, -1.0, -0.4864632561333363, -1, 0
0.0, 0, -1.0, -1, 0
0.0, 0, -1.0, -1, 0
0.07315975427627563, 0, 0, -1, 0
0.05403459072113037, 0, 0, -1, 0
0.0016482174396514893, 0, -1.0, -1, 0
-0.0608087033033371, 0, -1.0, -1, 0
0.08966146409511566, 0, 0, -1, 0
0.06714281439781189, 0, 0, -1, 0
-0.03294271230697632, 0, 1.0, -1, 0
0.02858547866344452, 0, 1.0, -1, 0
-0.07781946659088135, 0, -1.0, -1, 0
-0.07136082649230957, 0, -1.0, -1, 0
0.02375669777393341, 0, 0.44721359549995798, -1, 0
0.0653473436832428, 0, 0.44721359549995798, -1, 0
-0.03772847354412079, 0, 0.25554939648064756, -1, 0
0.019926168024539948, 0, 0.0, -1, 0
-0.044429875910282135, 0, 0, -1, 0
0.012246131896972656, 0, 0.30045045954972338, -1, 0
0.13943341374397278, 0, 0.32539568672798425, -1, 0
-0.12466447055339813, 0, 0.1361965624455006, -1, 0
0.029839009046554565, 0, 0.54658025705334023, -1, 0
-0.028336942195892334, 0, 0.53729327218274658, -1, 0
0.08166767656803131, 0, 0, -1, 0
-0.0235045924782753, 0, 0, -1, 0
0.08331015706062317, 0, -0.07432941462471665, -1, 0
-0.002528071403503418, 0, 0.19999999999999996, -1, 0
-0.25348004698753357, 0, 0, -1, 0
0.008679807186126709, 0, -1.0, -1, 0
-0.005521327257156372, 0, -0.41917178954935996, -1, 0
-0.055227190256118774, 0, 0, -1, 0
-0.02192714810371399, 0, 0, -1, 0
-0.023980766534805298, 0, 0, -1, 0
-0.08277300000190735, 0, 0.0, -1, 0
0.07001553475856781, 0, 0, -1, 0
0.021324187517166138, 0, 0, -1, 0
-0.03385084867477417, 0, -1.0, -1, 0
0.06976936757564545, 0, 0.0, -1, 0
0.1096716970205307, 0, 0, -1, 0
-0.034590452909469604, 0, 0.17583975636866567, -1, 0
-0.08142048120498657, 0, 0.12360679774997896, -1, 0
-0.06375092267990112, 0, -1.0, -1, 0
-0.0636301338672638, 0, 0.56401843996644796, -1, 0
-0.019418835639953613, 0, 0.1954465867298284, -1, 0
-0.026400581002235413, 0, 0.0, 0, 0
-0.03391684591770172, 0, 0, 0, 0
0.03261309862136841, 0, 0.050541094618344551, 0, 0
-0.07939723134040833, 0, 0.24142135623730954, 0, 0
-0.06466707587242126, 0, -0.63245553203367577, 0, 0
0.06928035616874695, 0, -0.45951118349105424, 0, 0
-0.0875910222530365, 0, -0.21852837836677463, 0, 0
-0.03475277125835419, -1.0, 0.0, -1, 0
0.10257336497306824, 0, 0, -1, 0
-0.02982020378112793, 0, 0.53100868364730203, -1, 0
-0.07766255736351013, 0, 0.10000000000000009, -1, 0
0.07933700084686279, 0, 0.27639320225002101, -1, 0
-0.015011191368103027, 0, 0.35241994447712899, -1, 0
-0.05975431203842163, -1.0, 0.40495223761410915, -1, 0
-0.04836463928222656, 0, 0.0, -1, 0
-0.0857604444026947, 0, 0, -1, 0
-0.036475032567977905, 0, -0.41658033949537404, -1, 0
-0.1810632050037384, 0, -0.041421356237309581, -1, 0
-0.1984107494354248, 0, -0.18377223398316211, -1, 0
-0.030701398849487305, 0, -0.54048881650894576, -1, 0
-0.06304895877838135, 0, -0.46709560745505702, -1, 0
0.154779851436615, 0, 0.0, 0, 0
0.10203658044338226, 0, 0, 0, 0
0.12878304719924927, 0, 0.27735009811261457, 0, 0
0.0013535916805267334, 0, 0.44721359549995798, 0, 0
-0.35158148407936096, 0, -1.0, 0, 0
-0.07625991106033325, 0, 0.12803687993289592, 0, 0
0.0175667405128479, 0, -0.028278616089703168, 0, 0
-0.19865688681602478, 0, 1.0, 0, 0
-0.030406787991523743, 0, 1.0, -1, 0
0.07833820581436157, 0, 1.0, -1, 0
-0.01887291669845581, 0, -1.0, -1, 0
0.15444639325141907, 0, -1.0, -1, 0
0.0762609988451004, 0, 1.0, -1, 0
-0.0335930734872818, 0, -0.27639320225002101, -1, 0
0.04691505432128906, 0, -1.0, -1, 0
-0.03201445937156677, 0, -1.0, -1, 0
-0.010197430849075317, 0, 1.0, -1, 0
-0.027025341987609863, 0, 0.81622776601683789, -1, 0
0.027893126010894775, 0, -0.27639320225002101, -1, 0
0.0428222119808197, 0, 1.0, -1, 0
-0.12947190552949905, 0, 0, 0, 0
-0.06248995661735535, 0, 0.0, 0, 0
-0.05937787890434265, 0, 1.0, 0, 0
-0.10974594950675964, 0, 0.44721359549995798, 0, 0
-0.019882619380950928, 0, -1.0, 0, 0
-0.04751907289028168, 0, -1.0, 0, 0
-0.44052423536777496, 0, -1.0, 0, 0
0.01375126838684082, 0, -0.72760687510899891, 0, 0
0.20413771271705627, 0, 1.0, 0, 0
-0.17956525087356567, 0, -1.0, 0, 0
-0.04055216908454895, 0, -1.0, 0, 0
-0.017019689083099365, 0, -0.55708601453115569, 0, 0
-0.100870281457901, 0, -0.40533961419994069, 0, 0
-0.020788222551345825, 0, 0.55708601453115569, 0, 0
-0.00862044095993042, 0, -0.2785430072655779, 0, 0
0.04666823148727417, 0, -0.18569533817705192, 0, 0
0.27498993277549744, 0, 0.0, -1, 0
-0.06303876638412476, 0, 0.0, -1, 0
-0.16151949763298035, 0, 0.0, -1, 0
0.02008652687072754, 0, 0.0, -1, 0
0.1050550639629364, 0, 0.0, -1, 0
-0.23114684224128723, 0, -1.0, -1, 0
-0.01617780327796936, 0, -0.72760687510899891, -1, 0
0.09864887595176697, 0, 1.0, -1, 0
-0.12420165538787842, 0, -0.5, -1, 0
0.04398806393146515, 0, -1.0, -1, 0
-0.027748584747314453, 0, -0.1561737618886061, -1, 0
-0.051367104053497314, 0, -0.11363310286178552, -1, 0
-0.033622920513153076, 0, 0.1561737618886061, -1, 0
-0.03343331813812256, 0, -0.078086880944303161, -1, 0
0.012425929307937622, 0, -0.1561737618886061, -1, 0
0.13771283626556396, 0, 0.0, -1, 0
-0.03420436382293701, 0, 0.0, -1, 0
-0.07978427410125732, 0, 0.0, -1, 0
0.04125988483428955, 0, 0.0, -1, 0
-0.08513373136520386, 0, 0.0, -1, 0
0.5561650395393372, 0, 1.0, -1, 0
0.0683198869228363, 0, 0.9170700562532349, -1, 0
-0.05609320104122162, 0, -0.28284271247461912, -1, 0
-0.15097972750663757, 0, -0.44721359549995798, -1, 0
-0.12374049425125122, 0, 0, -1, 0
-0.025629952549934387, 0, 0.39999999999999991, -1, 0
0.039710432291030884, 0, -0.18377223398316211, -1, 0
0.08638478815555573, 0, -1.0, -1, 0
-0.26214803010225296, 0, 0.0, -1, 0
-0.22420048713684082, 0, 0.0, -1, 0
-0.3793267458677292, 0, 0, -1, 0
0.06974594295024872, 0, 0.28284271247461912, -1, 0
-0.10484254360198975, 0, -0.18426213483334741, -1, 0
-0.04073919355869293, 0, 0.0, -1, 0
-0.08487461507320404, 0, -0.17541160386140564, -1, 0
0.020896315574645996, 0, -0.42578336603753819, -1, 0
-0.08254821598529816, 0, 0.0, -1, 0
-0.21783876419067383, 0, -0.46017899330842238, -1, 0
-0.010639399290084839, 0, -0.90920229170299971, -1, 0
-0.0017032474279403687, 0, -1.0, -1, 0
-0.12465875595808029, 0, 0.28284271247461912, -1, 0
-0.08197271823883057, 0, 0.44721359549995798, -1, 0
-0.07575918734073639, 0, 0, -1, 0
-0.2510281205177307, 0, -0.45349258758251831, -1, 0
-0.09824979305267334, 0, -0.52842596050217783, -1, 0
-0.20922726392745972, 0, -0.86824314212445919, -1, 0
-0.20882517099380493, 0, -0.63245553203367577, -1, 0
-0.2532462179660797, 0, -1.0, -1, 0
-0.32769742608070374, 0, -1.0, -1, 0
-0.15351909399032593, 0, -0.2719417985969752, -1, 0
-0.07160016894340515, 0, -0.4677847295164409, -1, 0
-0.12570059299468994, 0, -0.24576957615571227, -1, 0
-0.06642815470695496, 0, -0.63245553203367577, -1, 0
-0.48628801107406616, 0, -1.0, -1, 0
-0.3954332321882248, 0, -1.0, -1, 0
-0.11221413314342499, 0, 0.0, -1, 0
0.06998485326766968, 0, -0.5, -1, 0
-0.015161953866481781, 0, -1.0, -1, 0
-0.1634945422410965, 0, -0.28284271247461912, -1, 0
-0.1327590048313141, 0, -0.44721359549995798, -1, 0
-0.04878345876932144, 0, 0, -1, 0
-0.012550726532936096, 0, 0.63245553203367577, -1, 0
0.06230444461107254, 0, 1.0, -1, 0
0.16340896487236023, 0, 0, -1, 0
-0.0681232213973999, 0, -0.28284271247461912, -1, 0
-0.020155131816864014, 0, -0.69322304251121136, -1, 0
0.013369530439376831, 0, -0.63245553203367577, -1, 0
0.019410453736782074, 0, 0.63245553203367577, -1, 0
-0.046712726354599, 0, 0.0, -1, 0
-0.08609997853636742, 0, -1.0, -1, 0
-0.12114453315734863, 0, -0.63245553203367577, -1, 0
-0.009482771158218384, 0, 0.0, -1, 0
-0.04590249061584473, 0, 0, -1, 0
-0.11775533854961395, 0, -0.63245553203367577, -1, 0
-0.22429117560386658, 0, -1.0, -1, 0
-0.3101477697491646, 0, 0, -1, 0
-0.006430953741073608, 0, 0.0, -1, 0
-0.11575278639793396, 0, -0.5, -1, 0
-0.10998430848121643, 0, 0, -1, 0
-0.08480429649353027, 0, -0.49613893835683376, -1, 0
-0.31300756335258484, 0, -0.7560357078308676, -1, 0
-0.2924739122390747, 0, -0.72760687510899891, -1, 0
-0.1544439047574997, 0, -0.63245553203367577, -1, 0
-0.31230321526527405, 0, -1.0, -1, 0
-0.30903084576129913, 0, 0, -1, 0
0.0501437783241272, 0, 0.0, -1, 0
-0.05800238251686096, 0, 0.0, -1, 0
-0.0016041845083236694, 0, 0.0, -1, 0
-0.013539455831050873, 0, 0, -1, 0
0.09314562380313873, 0, -1.0, -1, 0
-0.15752723067998886, 0, -1.0, -1, 0
0.1476631611585617, 0, -0.63245553203367577, -1, 0
-0.01800459623336792, 0, -1.0, -1, 0
-0.0459153950214386, 0, 0, -1, 0
0.08498547971248627, 0, 0.0, -1, 0
-0.06310894340276718, 0, 0.0, -1, 0
-0.05485551804304123, 0, 0.0, -1, 0
-0.06191910803318024, 0, 0.0, -1, 0
-0.03729911148548126, 0, -0.5, -1, 0
0.03865096718072891, 0, 0.0, -1, 0
0.11831686645746231, 0, 1.0, -1, 0
0.09100933000445366, 0, -1.0, -1, 0
0.025155238807201385, 0, 0.0, -1, 0
-0.07399412617087364, 0, -0.44721359549995798, -1, 0
-0.09332577884197235, 0, 0.0, -1, 0
0.03162490576505661, 0, 0.0, -1, 0
-0.04040233790874481, 0, -0.5, -1, 0
0.0035699307918548584, 0, 0.0, -1, 0
0.06370576471090317, 0, -0.66666666666666674, -1, 0
0.03543594479560852, 0, 0.0, -1, 0
-0.1009574681520462, 0, -0.71081266754522932, -1, 0
0.00684809684753418, 0, 0.18390774863010595, -1, 0
-0.08202235400676727, 0, 0.076696498884737063, -1, 0
-0.03380115330219269, 0, -0.34105745561009082, -1, 0
-0.10993194580078125, 0, 0.5, -1, 0
0.04318130016326904, 0, -0.27735009811261457, -1, 0
-0.07576653361320496, 0, -0.36132495094369271, -1, 0
-0.073530413210392, 0, 0.0, -1, 0
-0.04252397269010544, 0, -0.43798263270539584, -1, 0
0.03480645269155502, 0, 0.0, -1, 0
0.22924138605594635, 0, 1.0, -1, 0
-0.03125657141208649, 0, -1.0, -1, 0
-0.021105065941810608, 0, 0.0, -1, 0
-0.10027119517326355, 0, -0.44721359549995798, -1, 0
-0.019651979207992554, 0, 0.0, -1, 0
-0.09028439223766327, 0, -0.31799936400190798, -1, 0
-0.061978861689567566, 0, 0.058999682000954068, -1, 0
-0.16011494398117065, 0, 0.044721359549995787, -1, 0
-0.17716003954410553, -1.0, 0.14221363894199313, -1, 0
0.04011381417512894, 0, 0.0, -1, 0
-0.4653032422065735, 0, -1.0, -1, 0
0.04165975749492645, 0, 1.0, -1, 0
-0.049596041440963745, 0, -0.5, -1, 0
0.11151932924985886, 0, 0.44721359549995798, -1, 0
0.03787984745576978, 0, 0.0, -1, 0
-0.02692411094903946, 0, 1.0, -1, 0
0.03966571390628815, 0, -1.0, -1, 0
0.014113216660916805, 0, -0.5, -1, 0
0.029595165513455868, 0, -0.44721359549995798, -1, 0
-0.0643521100282669, 0, 0.0, -1, 0
-0.08230766654014587, 0, -0.34865189116880091, -1, 0
-0.036186784505844116, 0, -0.3011820587436938, -1, 0
-0.046465396881103516, -1.0, -0.26666666666666661, -1, 0
-0.03518232703208923, 0, -0.42717271270204671, -1, 0
-0.07891137525439262, 0, 0, -1, 0
-0.027772631496191025, 0, 0, -1, 0
0.0321890264749527, 0, -1.0, -1, 0
-0.13475976139307022, -1.0, -1.0, -1, 0
-0.033630337566137314, 0, -1.0, -1, 0
-0.010333031415939331, 0, 0.0, -1, 0
0.07970297336578369, 0, 1.0, -1, 0
-0.016578741371631622, 0, -1.0, -1, 0
0.02985367178916931, 0, 0.0, -1, 0
-0.01206778734922409, 0, -0.44721359549995798, -1, 0
-0.006989926099777222, 0, 0.0, -1, 0
-0.036059826612472534, 0, 0.0, -1, 0
0.006412297487258911, 0, 0.0, -1, 0
-0.00011511147022247314, 0, -0.33333333333333337, -1, 0
-0.046256594359874725, 0, -0.5, -1, 0
0.0822268440388143, 0, 0.0, -1, 0
0.10543944872915745, 0, 1.0, -1, 0
0.05788049474358559, 0, -1.0, -1, 0
-0.023172564804553986, 0, 0.0, -1, 0
-0.0019928328692913055, 0, -0.44721359549995798, -1, 0
-0.12845174968242645, 0, 0, -1, 0
-0.09659486263990402, 0, 0, -1, 0
-0.007205452769994736, 0, 0, -1, 0
0.029615744948387146, 0, -1.0, -1, 0
0.05644813925027847, 0, -1.0, -1, 0
0.08623051643371582, 0, 1.0, -1, 0
0.0, 0, 0, 0, 0
-0.02198605239391327, 0, -1.0, 0, 0
-0.024573147296905518, -1.0, -1.0, 0, 0
-0.0029762983322143555, 0, -1.0, 0, 0
0.003947407007217407, 0, -1.0, 0, 0
-0.07232969999313354, 0, 0, 0, 0
0.028486589901149273, 0, -1.0, 0, 0
0.09139653481543064, 0, 0.0, 0, 0
0.09575885627418756, 0, 0.0, 0, 0
-0.03365844488143921, 0, 0, -1, 0
0.03969065845012665, 0, 1.0, 0, 0
-0.020702093839645386, 0, -1.0, -1, 0
-0.07833060622215271, 0, 0, 0, 0
-0.05826067924499512, 0, 0, 0, 0
0.06072413921356201, 0, 1.0, 0, 0
-2.6702880859375e-05, 0, -1.0, 0, 0
0.020276308059692383, 0, -0.44721359549995798, 0, 0
-0.1782051920890808, -1.0, -1.0, -1, 0
-0.19985291361808777, 0, 1.0, -1, 0
-0.0636410117149353, 0, -1.0, -1, 0
0.16527582705020905, 0, -1.0, -1, 0
0.18169644474983215, 0, -1.0, -1, 0
0.1000211238861084, 0, -1.0, -1, 0
0.029132962226867676, 0, -1.0, -1, 0
-0.17811201512813568, 0, 0, 0, 0
-0.1136823371052742, 0, 0.0, 0, 0
0.1440531313419342, -1.0, 0.0, 0, 0
-0.16382211446762085, 0, 0.0, 0, 0
-0.13614879548549652, 0, 0, 0, 0
0.2658693566918373, 0, 0.0, 0, 0
0.07895725965499878, -1.0, 0.0, 0, 0
0.13748858869075775, 0, 0, 0, 0
-0.003098726272583008, 0, 0, 0, 0
-0.18388301134109497, 0, 0, 0, 0
0.1892823576927185, 0, 0, 0, 0
0.17133688926696777, 0, 0, 0, 0
-0.06731367856264114, 0, 0, 0, 0
-0.053589195013046265, 0, 0, 0, 0
0.1949666440486908, 0, 0, 0, 0
0.1444428265094757, 0, 1.0, 0, 0
-0.21559356153011322, 0, -1.0, 0, 0
0.21325840055942535, 0, -1.0, 0, 0
0.1160014271736145, 0, 0, 0, 0
-0.2040296047925949, 0, -1.0, 0, 0
-0.08655497431755066, 0, -1.0, 0, 0
-0.040909647941589355, 0, -1.0, 0, 0
-0.043866902589797974, 0, 0.0, 0, 0
0.026687175035476685, 0, 0.0, 0, 0
0.03214088827371597, 0, 0.0, 0, 0
0.016452401876449585, 0, -1.0, 0, 0
0.08809967339038849, 0, 0.0, 0, 0
0.04621437191963196, 0, 0.0, 0, 0
0.061865076422691345, 0, 0, 0, 0
0.09631209075450897, 0, 1.0, 0, 0
-0.09758292138576508, 0, -1.0, 0, 0
0.11055386066436768, 0, -1.0, 0, 0
0.04176914691925049, 0, 0, 0, 0
-0.08005239069461823, 0, -1.0, 0, 0
-0.03237186372280121, 0, -1.0, 0, 0
-0.07792985439300537, 0, 0.34452998037747706, -1, 0
-0.12549394369125366, -1.0, 0.18426213483334741, -1, 0
-0.08711308240890503, 0, -1.0, 0, 0
-0.08704124391078949, 0, -1.0, 1, 0
-0.005695901811122894, 0, -0.44721359549995798, -1, 0
0.3794630765914917, 0, 1.0, 1, 0
-0.04516302049160004, 0, -0.52919027811362285, 1, 0
-0.00935208797454834, -1.0, 0.44721359549995798, 1, 0
-0.32546958327293396, -1.0, -0.43798263270539584, -1, 0
-0.1702900528907776, -1.0, -0.82675630466189076, 0, 0
-0.05201379954814911, 0, 0.32539568672798425, -1, 0
0.03451251983642578, 0, 0.66269784336399218, -1, 0
-0.08627969026565552, 0, -0.024022794307684725, -1, 0
-0.09569263458251953, 0, -0.72760687510899891, -1, 0
-0.10393422842025757, 0, -0.72760687510899891, -1, 0
-0.1291913539171219, 0, 0.12403473458920844, -1, 0
0.11160732805728912, 0, -0.43798263270539584, -1, 0
0.16830867528915405, 0, -0.20069241635091162, -1, 0
0.07137210667133331, 0, -0.27735009811261457, -1, 0
0.019699543714523315, 0, -0.27735009811261457, -1, 0
0.03733864426612854, 0, -0.027472112789737935, -1, 0
-0.014668434858322144, 0, 0.30249170962196881, -1, 0
0.01103353500366211, 0, 0.10144185832557173, -1, 0
-0.05143916606903076, 0, 0.061429511683395055, -1, 0
-0.02925288677215576, 0, 0.061429511683395055, -1, 0
-0.03599095344543457, 0, -1.0, 0, 0
-0.03666989505290985, 0, -0.44721359549995798, 0, 0
-0.05435529351234436, 0, 1.0, 0, 0
0.2637191116809845, 0, 1.0, 0, 0
0.10091365873813629, 0, 0, 0, 0
-0.1650983989238739, 0, 0.0, 0, 0
-0.05844675004482269, 0, 0.0, 0, 0
-0.0011107474565505981, 0, 0.0, 0, 0
-0.18523132801055908, 0, -1.0, 0, 0
0.03192722797393799, 0, 0.57436652689419054, 0, 0
-0.0724407434463501, 0, 1.0, 0, 0
0.16497361846268177, 0, 1.0, -1, 0
-0.5074381278827786, 0, -1.0, -1, 0
0.02968042530119419, 0, 0.5, -1, 0
0.267101738601923, 0, -0.72360679774997894, -1, 0
0.45475147292017937, 0, -1.0, -1, 0
0.07820534706115723, 0, -0.5, 0, 0
-0.00923505425453186, 0, -0.27196152712326505, 0, 0
0.054285033605992794, 0, 0.0, 0, 0
-0.005003109574317932, 0, 0.0, 0, 0
0.061761729419231415, 0, 0.0, 0, 0
-0.05569860339164734, 0, -0.50810574008582998, 0, 0
-0.022306576371192932, 0, -0.44721359549995798, 0, 0
-0.041429996490478516, 0, 0, 0, 0
0.1998138576745987, 0, 0.0, -1, 0
0.33856797218322754, 0, 1.0, -1, 0
-0.02829575538635254, 0, 1.0, -1, 0
0.11670973896980286, 0, 0.39904344223381116, 0, 0
-0.11977642774581909, 0, 0, 0, 0
-0.02844877541065216, 0, 0, -1, 0
-0.036059848964214325, 0, 0.27735009811261457, -1, 0
0.05711638927459717, 0, 0, -1, 0
0.01735725998878479, 0, -0.82199493652678646, -1, 0
-0.05634111166000366, 0, 0, -1, 0
0.02731338143348694, 0, 0, -1, 0
-0.05642879009246826, 0, -0.14142135623730956, 0, 0
0.08165422081947327, 0, 0.63245553203367577, -1, 0
0.015221774578094482, 0, 0.0, -1, 0
-0.012864470481872559, 0, -0.62744257819996829, -1, 0
-0.14204993844032288, 0, 0, 0, 0
0.039001211524009705, 0, 0.0, -1, 0
0.20533418655395508, 0, 0, -1, 0
0.2188827097415924, 0, 0.0, -1, 0
